6.202783333333332848e+03 6.203483333333333576e+03
6.203816666666666606e+03 6.209383333333333212e+03
6.251116666666666788e+03 6.253083333333333940e+03
6.253250000000000000e+03 6.257583333333333940e+03
6.310750000000000000e+03 6.312550000000000182e+03
6.314450000000000728e+03 6.317283333333332848e+03
6.322750000000000000e+03 6.323850000000000364e+03
6.326149999999999636e+03 6.328483333333333576e+03
6.404883333333333212e+03 6.405683333333333394e+03
6.414083333333333940e+03 6.416283333333332848e+03
6.418149999999999636e+03 6.421483333333333576e+03
6.473683333333333394e+03 6.474983333333333576e+03
6.475283333333332848e+03 6.476250000000000000e+03
6.481016666666666424e+03 6.482516666666666424e+03
6.484083333333333940e+03 6.485216666666667152e+03
6.526350000000000364e+03 6.527316666666667516e+03
6.533083333333333940e+03 6.533816666666667516e+03
6.533850000000000364e+03 6.536916666666666970e+03
6.536950000000000728e+03 6.538716666666667152e+03
6.572883333333333212e+03 6.574016666666666424e+03
6.578550000000000182e+03 6.579283333333332848e+03
6.579983333333333576e+03 6.581649999999999636e+03
6.585383333333333212e+03 6.586750000000000000e+03
6.588516666666666424e+03 6.589816666666667516e+03
6.657250000000000000e+03 6.657950000000000728e+03
6.658950000000000728e+03 6.660450000000000728e+03
6.660516666666666424e+03 6.662016666666666424e+03
6.690083333333333940e+03 6.690916666666666970e+03
6.692016666666666424e+03 6.693149999999999636e+03
6.700750000000000000e+03 6.702116666666666788e+03
6.703250000000000000e+03 6.705683333333334303e+03
6.743283333333333758e+03 6.744283333333333758e+03
6.770916666666666970e+03 6.771850000000000364e+03
6.771883333333333212e+03 6.773750000000000000e+03
6.841149999999999636e+03 6.841950000000000728e+03
6.843283333333333758e+03 6.844016666666666424e+03
6.844783333333333758e+03 6.846183333333334303e+03
6.849916666666666970e+03 6.851149999999999636e+03
6.900583333333333940e+03 6.902283333333333758e+03
6.915416666666666970e+03 6.917583333333333940e+03
6.917816666666667516e+03 6.919616666666666788e+03
7.010216666666667152e+03 7.010983333333333576e+03
7.017350000000000364e+03 7.018416666666666970e+03
7.031850000000000364e+03 7.033216666666667152e+03
